GeeASL = 0.060020494954318229
ocean = False
atmosphere = False
atmosphereContainsOxygen = False
atmosphereDepth = 0
atmosphereTemperatureSeaLevel = 288
atmospherePressureSeaLevel = 101.325
atmosphereMolarMass = 0.028964400000000001
atmosphereAdiabaticIndex = 1.3999999761581401
rotates = True
rotationPeriod = 89483.240751892794
initialRotation = 230
tidallyLocked = True
inclination = 13.803649395704269
eccentricity = 0.38913675796791647
semiMajorAxis = 3245899.980114968
LAN = 0.00010000000000000002
argumentOfPeriapsis = 0
meanAnomalyAtEpoch = 0
orbitEpoch = 0
orbitBody = Moho
