GeeASL = 0.11503928456710498
ocean = False
atmosphere = False
atmosphereContainsOxygen = False
atmosphereDepth = 0
atmosphereTemperatureSeaLevel = 288
atmospherePressureSeaLevel = 101.325
atmosphereMolarMass = 0.028964400000000001
atmosphereAdiabaticIndex = 1.3999999761581401
rotates = True
rotationPeriod = 34800
initialRotation = 25
tidallyLocked = False
inclination = 0.00010000000000000002
eccentricity = 0
semiMajorAxis = 56220092.403420329
LAN = 0.00010000000000000002
argumentOfPeriapsis = 0
meanAnomalyAtEpoch = 0
orbitEpoch = 0
orbitBody = Jool
