GeeASL = 0.30010249340440598
ocean = False
atmosphere = True
atmosphereContainsOxygen = False
atmosphereDepth = 55000
atmosphereTemperatureSeaLevel = 282
atmospherePressureSeaLevel = 7.5678976545678003
atmosphereMolarMass = 0.043000001460313797
atmosphereAdiabaticIndex = 1.20000004768372
rotates = True
rotationPeriod = 65517.859375
initialRotation = 90
tidallyLocked = False
inclination = 18.004612326622009
eccentricity = 0.024745487748615194
semiMajorAxis = 17834056051.421062
LAN = 51.588701605796814
argumentOfPeriapsis = 52.313611507415771
meanAnomalyAtEpoch = 2.0064478068219893
orbitEpoch = 0
orbitBody = Sun
