GeeASL = 0.800273295870079
ocean = False
atmosphere = False
atmosphereContainsOxygen = False
atmosphereDepth = 0
atmosphereTemperatureSeaLevel = 288
atmospherePressureSeaLevel = 101.325
atmosphereMolarMass = 0.028964400000000001
atmosphereAdiabaticIndex = 1.3999999761581401
rotates = True
rotationPeriod = 640194.87426818826
initialRotation = 0
tidallyLocked = True
inclination = 0.025000000372528999
eccentricity = 0
semiMajorAxis = 143144736.48409697
LAN = 0.00010000000000000002
argumentOfPeriapsis = 0
meanAnomalyAtEpoch = 3.1400001049041699
orbitEpoch = 0
orbitBody = Jool
