GeeASL = 0.23508027656261707
ocean = False
atmosphere = False
atmosphereContainsOxygen = False
atmosphereDepth = 0
atmosphereTemperatureSeaLevel = 288
atmospherePressureSeaLevel = 101.325
atmosphereMolarMass = 0.028964400000000001
atmosphereAdiabaticIndex = 1.3999999761581401
rotates = True
rotationPeriod = 633621.56481633382
initialRotation = 0
tidallyLocked = True
inclination = 8.2822296023368835
eccentricity = 0.086808608977114746
semiMajorAxis = 43638658.813558757
LAN = 0.00010000000000000002
argumentOfPeriapsis = 0
meanAnomalyAtEpoch = 0
orbitEpoch = 0
orbitBody = Eve
