GeeASL = 0.1720587618914422
ocean = False
atmosphere = False
atmosphereContainsOxygen = False
atmosphereDepth = 0
atmosphereTemperatureSeaLevel = 288
atmospherePressureSeaLevel = 101.325
atmosphereMolarMass = 0.028964400000000001
atmosphereAdiabaticIndex = 1.3999999761581401
rotates = True
rotationPeriod = 19460
initialRotation = 25
tidallyLocked = False
inclination = 6.9018743187189102
eccentricity = 0.11806106616949989
semiMajorAxis = 15921699.817715459
LAN = 0.00010000000000000002
argumentOfPeriapsis = 0
meanAnomalyAtEpoch = 0
orbitEpoch = 0
orbitBody = Jool
