GeeASL = 1.7005807760832998
ocean = True
atmosphere = True
atmosphereContainsOxygen = False
atmosphereDepth = 90000
atmosphereTemperatureSeaLevel = 408
atmospherePressureSeaLevel = 506.625
atmosphereMolarMass = 0.043000001460313797
atmosphereAdiabaticIndex = 1.2000000476837158
rotates = True
rotationPeriod = 80500
initialRotation = 0
tidallyLocked = False
inclination = 19.188661426305771
eccentricity = 0.0099999997764825804
semiMajorAxis = 9832684543.9999981
LAN = 47.90637731552124
argumentOfPeriapsis = 0
meanAnomalyAtEpoch = 3.1400001049041699
orbitEpoch = 0
orbitBody = Sun
