GeeASL = 0.800273295870079
ocean = True
atmosphere = True
atmosphereContainsOxygen = True
atmosphereDepth = 250000
atmosphereTemperatureSeaLevel = 200
atmospherePressureSeaLevel = 1519.875
atmosphereMolarMass = 0.0022000000000000001
atmosphereAdiabaticIndex = 1.4299999999999999
rotates = True
rotationPeriod = 36000
initialRotation = 0
tidallyLocked = False
inclination = 16.487903594970703
eccentricity = 0.050000000745058101
semiMajorAxis = 32080235444.91534
LAN = 51.999999999999993
argumentOfPeriapsis = 0
meanAnomalyAtEpoch = 0.10000000149011599
orbitEpoch = 0
orbitBody = Sun
