GeeASL = 1.00034160493135
ocean = True
atmosphere = True
atmosphereContainsOxygen = True
atmosphereDepth = 65000
atmosphereTemperatureSeaLevel = 287
atmospherePressureSeaLevel = 101.324996948242
atmosphereMolarMass = 0.028964400291442899
atmosphereAdiabaticIndex = 1.3999999761581401
rotates = True
rotationPeriod = 21549.425183089799
initialRotation = 90
tidallyLocked = False
inclination = 17.944613993167877
eccentricity = 0
semiMajorAxis = 13599840256.000004
LAN = 49.359678626060486
argumentOfPeriapsis = 23.250492811203003
meanAnomalyAtEpoch = 3.2209679202082526
orbitEpoch = 0
orbitBody = Sun
