GeeASL = 0.80027329587007934
ocean = True
atmosphere = True
atmosphereContainsOxygen = True
atmosphereDepth = 50000
atmosphereTemperatureSeaLevel = 282
atmospherePressureSeaLevel = 60.795000000000002
atmosphereMolarMass = 0.028964400291442899
atmosphereAdiabaticIndex = 1.3999999761581401
rotates = True
rotationPeriod = 524902.3814859977
initialRotation = 90
tidallyLocked = True
inclination = 16.564358621835709
eccentricity = 0.52371427896355049
semiMajorAxis = 29102007.787349578
LAN = 0.00010000000000000002
argumentOfPeriapsis = 0
meanAnomalyAtEpoch = 0
orbitEpoch = 0
orbitBody = Kerbin
