GeeASL = 0.27509394731862102
ocean = False
atmosphere = True
atmosphereContainsOxygen = False
atmosphereDepth = 10000
atmosphereTemperatureSeaLevel = 288
atmospherePressureSeaLevel = 101.325
atmosphereMolarMass = 0.028964400000000001
atmosphereAdiabaticIndex = 1.3999999761581401
rotates = True
rotationPeriod = 1210000
initialRotation = 190
tidallyLocked = False
inclination = 24.944613575935364
eccentricity = 0.20000000298023202
semiMajorAxis = 5263138303.9999971
LAN = 51.901490092277527
argumentOfPeriapsis = 53.750824928283691
meanAnomalyAtEpoch = 3.1400001049041699
orbitEpoch = 0
orbitBody = Sun
