GeeASL = 1.7005807760833
ocean = True
atmosphere = True
atmosphereContainsOxygen = False
atmosphereDepth = 100000
atmosphereTemperatureSeaLevel = 415
atmospherePressureSeaLevel = 520
atmosphereMolarMass = 0.043000001460313797
atmosphereAdiabaticIndex = 1.20000004768372
rotates = True
rotationPeriod = 80500
initialRotation = 0
tidallyLocked = False
inclination = 19.188661426305771
eccentricity = 0.0099999997764825804
semiMajorAxis = 9832684543.9999981
LAN = 47.90637731552124
argumentOfPeriapsis = 0
meanAnomalyAtEpoch = 3.1400001049041699
orbitEpoch = 0
orbitBody = Sun
