GeeASL = 0.800273295870079
ocean = True
atmosphere = True
atmosphereContainsOxygen = True
atmosphereDepth = 30000
atmosphereTemperatureSeaLevel = 300
atmospherePressureSeaLevel = 1790.8699999999999
atmosphereMolarMass = 0.0022000000000000001
atmosphereAdiabaticIndex = 1.4299999999999999
rotates = True
rotationPeriod = 36000
initialRotation = 0
tidallyLocked = False
inclination = 17.86825954914093
eccentricity = 0.20104589939739592
semiMajorAxis = 26374788354.016575
LAN = 51.999999999999993
argumentOfPeriapsis = 0
meanAnomalyAtEpoch = 0.10000000149011599
orbitEpoch = 0
orbitBody = Sun
